4294967278,551
4294967279,358
4294967279,234
4294967278,233
4294967278,231
4294967279,231
16,15
16,0
16,14
4294967279,173
4294967278,171
4294967278,208
16,13
16,12
4294967278,200
4294967279,199
4294967278,197
4294967278,550
4294967279,187
4294967278,132
4294967278,131
4294967278,130
4294967278,129
4294967278,128
4294967278,127
4294967278,126
4294967278,125
4294967278,124
4294967278,123
4294967278,122
4294967278,121
4294967278,120
4294967278,119
4294967278,118
4294967278,117
4294967278,116
4294967278,115
4294967278,114
4294967278,113
4294967278,112
4294967278,111
4294967278,110
4294967278,109
4294967278,108
4294967278,107
4294967278,106
4294967278,105
4294967278,104
4294967278,103
4294967278,102
4294967278,101
4294967278,100
4294967278,99
4294967278,98
4294967278,97
4294967278,96
4294967278,95
4294967278,94
4294967278,93
4294967278,92
4294967278,91
4294967278,90
4294967278,89
4294967278,87
4294967278,86
4294967278,85
4294967278,84
4294967278,83
4294967278,82
4294967278,81
4294967278,80
4294967278,79
4294967278,78
4294967278,77
4294967278,76
4294967278,75
4294967278,74
4294967278,73
4294967278,72
4294967278,71
4294967278,70
4294967278,69
4294967278,68
4294967278,67
4294967278,66
4294967278,65
4294967278,64
4294967278,63
4294967278,62
4294967278,61
4294967278,60
4294967278,59
4294967278,58
4294967278,57
4294967278,56
4294967278,55
4294967278,54
4294967278,53
4294967278,52
4294967278,51
4294967278,49
4294967278,48
4294967278,47
4294967278,44
4294967278,43
4294967278,42
4294967278,41
4294967278,40
4294967278,39
4294967278,38
4294967278,36
4294967279,21
4294967279,20
4294967279,18
4294967279,16
4294967279,13
4294967279,10
4294967279,9
4294967279,8
4294967279,7
4294967279,6
4294967279,5
4294967279,4
4294967278,549
4294967279,357
4294967278,548
4294967279,356
4294967279,0
4294967279,211
4294967278,50
4294967279,197
4294967278,547
4294967279,355
16,11
16,10
4294967279,190
4294967279,354
4294967278,546
4294967279,353
16,9
16,8
4294967278,186
4294967279,352
4294967278,545
4294967279,351
4294967278,544
4294967279,185
4294967279,184
4294967278,182
16,7
16,6
4294967278,543
4294967278,0
4294967279,277
4294967294,22
4294967294,17
4294967278,274
4294967278,289
4294967278,46
4294967278,45
4294967279,289
4294967278,273
3,2
4294967294,9
0,5
4294967294,67
4294967294,0
4294967278,270
4294967279,273
4294967294,6
4294967294,93
4294967294,95
20,4
20,3
20,2
20,1
4294967278,268
0,7
4294967294,393
4294967294,44
4294967294,43
4294967294,53
4294967294,418
4294967294,1086
4294967294,28
4294967294,1053
4294967294,27
4294967294,1084
4294967294,26
4294967294,25
4294967294,90
4294967294,87
4294967294,84
4294967279,271
4294967294,202
4294967279,350
4294967278,542
4294967279,297
4294967278,541
4294967279,349
4294967278,540
4294967279,348
4294967278,539
4294967278,538
4294967279,347
4294967279,346
4294967278,296
4294967279,345
4294967278,537
4294967279,296
4294967278,149
4294967279,149
4294967278,148
4294967279,148
4294967278,536
4294967279,344
4294967278,146
4294967279,146
4294967278,145
4294967279,295
4294967278,293
4294967279,144
4294967278,143
4294967279,143
4294967294,205
4294967278,140
4294967279,142
4294967279,343
4294967278,291
4294967278,535
4294967279,141
19,5
4294967294,473
4294967278,139
4294967279,139
4294967278,138
19,4
4294967279,279
19,3
19,2
19,1
4294967279,278
4294967278,276
4294967294,1356
4294967294,1357
4294967279,137
3,4
4294967278,136
4294967279,136
4294967278,275
4294967279,276
4294967278,134
4294967279,133
4294967278,133
4294967279,290
4294967278,534
4294967279,275
4294967278,271
4294967279,274
4294967278,288
4294967279,291
4294967278,269
4294967279,272
4294967278,533
4294967279,342
4294967278,287
4294967279,270
4294967279,27
4294967279,26
4294967279,25
4294967279,24
4294967278,280
4294967279,287
4294967278,265
4294967279,286
4294967293,131
4294967293,130
4294967293,129
4294967293,128
4294967293,127
4294967293,126
4294967293,125
4294967293,124
4294967293,123
4294967293,122
4294967293,121
4294967293,120
4294967293,119
4294967293,118
4294967293,117
4294967293,116
4294967293,115
4294967293,114
4294967293,113
4294967293,112
4294967293,111
4294967293,110
4294967293,109
4294967293,108
4294967293,107
4294967293,106
4294967293,105
4294967293,104
4294967293,103
4294967293,102
4294967293,101
4294967293,100
4294967293,99
4294967293,98
4294967293,97
4294967293,96
4294967293,95
4294967293,94
4294967293,93
4294967293,92
4294967293,91
4294967293,90
4294967293,89
4294967293,87
4294967293,86
